%YAML:1.0

# path
sequence_dir: ../datasets/MH_01_easy/mav0/
imu_path: ../datasets/MH_01_easy/mav0/imu0/data.txt
camera_path: ../datasets/MH_01_easy/mav0/cam0/data.txt

# Sensor extrinsics wrt. the body-frame.
T_BS: "0.0148655429818 -0.999880929698 0.00414029679422 -0.0216401454975 0.999557249008 0.0149672133247 0.025715529948 -0.064676986768 -0.0257744366974 0.00375618835797 0.999660727178 0.00981073058949 0.0 0.0 0.0 1.0"

# Camera specific definitions.
# intrinsics
Camera.fx: 458.654
Camera.fy: 457.296
Camera.cx: 367.215
Camera.cy: 248.375

# distortion_coefficients
Camera.k1: -0.28340811
Camera.k2: 0.07395907
Camera.p1: 0.00019359
Camera.p2: 1.76187114e-05


